AG	30	3	30	6.4	10	20
AG	30	3	30	7	20	39
AG	30	3	30	7.4	35	181
AG	30	3	20	6.4	10	20
AG	30	3	20	7	20	42
AG	30	3	20	7.3	35	174
AG	50	3	88		38	390
AG	50	2.2	101		38	390
AG	100	0.8			37	145
AG	80				37	215
AG	100	1.6			37	107
AG	0				37	90
AG	80				37	194
AG	100	2.4			37	75
AG	0				37	14
AG	80				37	167
AG	100	3.2			37	78
AG	0				37	0
AG	80				37	112
AG	100	1.7			37	316
AG	25	2	40	7.4	38	257
AG	25	4	26	7.3	38	222
AG	50	2	40	7.35	38	262
AG	50	4	26	7.18	38	233
AG	75	2	40	7.3	38	273
AG	75	4	26	6.59	38	0
AG	32	3.8	20	7.25	55	105.91
AG	37	1.1	30	7.05	37	255
AG	37	1.7	30	6.95	37	265.5
AG	37	2.3	30	6.85	37	268.45
AG	37	2.7	25	6.95	37	239.4
AG	37	3.4	20	6.85	37	209
AG	37	4.2	20	6.85	37	140.4
AG	37	5.6	15	6.9	37	85
AG	25	2	25		35	179.9757
AG	25	3	25		35	162.208
AG	50	2	25		35	144.716
AG	52	3	25		35	131.0125
AG	45		20	7.71	49	214
AG	44		20	7.7	49	217
AG	59		20	7.91	50	351
AG	40	2.5	20	7.1	37	173.9025
AG	40	3	20	7.3	37	117.7936
AG	40	2	20	7.1	37	246.318
AG	40	2.5	20	7.3	37	124.3964
AG	40	3	20	7.4	37	78.1138
AG	40	2	20	7.3	37	177.8042
AG	20	2.4	50		37	251
AG	33	2.4	50		37	365
AG	33	7.2	16.7		37	210
AG	59		40		35	264.4
AG	100	1.5	40		35	207.5
AG	59		40		35	270.4
AG	100	1.8	40		35	211.2
AG	59		40		35	235
AG	100	2.3	40		35	139.5
AG	100	2	40	7.24	38	273
AG	100	4	26	5.81	38	0
AG	50	1.8	30	6.9	25	93
AG	50	1.8	30	7.2	25	149
AG	50	1.8	30	7.1	25	122
AG	20	1.5	NA		37	112
AG	40	1.6	NA		37	141
AG	50	2	NA		37	178
AG	60	2.5	NA		37	229
AG	80	1.2	NA		37	214
AG	40	2.6	30	7.7	37	185
AG	10	2	20		35	140
AG	20	2	20		35	180
AG	30	2	20		35	270
AG	40	2	20		35	250
AG	40	3	20		35	230
AG	40	4	20		35	190
AG	10	2	20	7.5	35	149
AG	20	2	20	7.4	35	200
AG	30	2	20	7.4	35	229
AG	40	2	20	7.3	35	220
AG	22			6.9	36	787
AG	25			6.6	36	647
AG	72			6.5	36	583
AG	5	1.5	40		37	668
AG	4	1	40		37	447
AG	6	1.1	40		37	568
AG	50	1.8	30	6.9	25	104
AG	50	1.8	30	7.1	25	154
AG	50	1.8	30	7.3	25	107
AG	100	1.8	30	7	25	141
AG	20	2.4	50		37	301
AG	20	2.4	50		37	322
AG	20	7.2	16.7		37	180
AG	10	2	32		35	10
AG	15	2	39		35	240
AG	20	2	27		35	330
AG	20	2	26	7.8	35	330
AG	20	3	39	7.9	35	300
AG	10	2	23		35	10
AG	15	2	39		35	230
AG	20	2	26		35	310
AG	20	2	25	7.8	35	330
AG	20	3	28	7.8	35	300
AG	10	2	34		35	10
AG	15	2	39		35	210
AG	20	2	27		35	300
AG	20	2	26	7.8	35	330
AG	20	3	39	7.8	35	280
AG	18	0.7	16	8	37	197
AG	43	1	16	7	37	220
AG	81	2	16	7	37	265
AG	100			6.9	36	628
AG	16		30	7.8	35	200
AG	16		30	8.04	53	218
AG	100	1.8	30	7.1	25	79
AG	50	1.8	30	7.2	25	124
AG	50	1.8	30	7.3	25	128
AG	100	1	25	6.1	37	112
AG	90	1	25	6.1	37	94.2
AG	70	1	25	6	37	69.9
AG	30	1	25	6.3	37	47.5
AG	46	2	18	7.32	35	270
AG	46	1.7	20	7.76	35	210
AG	50	1.8	30	7.3	25	108
AG	50	1.8	30	7.1	25	98
AG	50	1.8	30	7.1	25	129
AG	47	1.5	25	7.4	55	620
AG	47	2	25	7.5	55	380
AG	100	0.5	99.6	7	35	186.6
AG	100	0.5	104.3	7.4	35	172.9
AG	100	1	49.8	6.8	35	198
AG	100	1	49.6	7.6	35	273
AG	100	1.5	33.2	7	35	162.4
AG	100	1.5	35.4	7.3	35	280.6
AG	100	1.8	27.7	7.1	35	124.6
AG	100	1.8	29.4	7.4	35	368.2
AG	100	2.2	22.6	6.9	35	133.5
AG	100	2.2	24.1	7.4	35	365.6
AG	50	1.3	33		38	208
AG	50	1.9	22		38	134
AG	50	1.5	28		38	168
AG	25	1.8	20	7.77	37	354
AG	25	2	20	7.7	37	301
AG	50	2.3	30	7.9	35	340
AG	50	2.3	30	7.9	35	260
AG	50	2.3	30	7.9	35	300
AG	100				33	119
AG	84				33	197
AG	100	1.8	30	5	25	15
AG	50	1.8	30	7	25	192
AG	40	3.7	24	8.32	37	150.87
AG	60	3.2	24	8.36	37	208.74
AG	80	2.7	24	8.57	37	274.34
AG	100	4	20	7.02	37	49
AG	75	4	20	7.13	37	149
AG	75	4	20	7.05	37	165.4
AG	50	4	20	7.01	37	296
FOG	50	3	102		38	520
FOG	25	2.9	15		35	536
FOG	46	2.9	15		35	641
FOG	70	3.1	15		35	0
FOG	40	1.3	15		35	76
FOG	5	1.2	10		37	210
FOG	5	1.2	10		37	215
FOG	10	2.48	10	7.7	37	293
FOG	12	1.96	10	7.6	37	349
FOG	14	2.85	10	7.7	37	245
FOG	16	2.67	10	7.9	37	251
FOG	18	2.92	10	7.8	37	288
FOG	0	1.2	20	7.4	56	260
FOG	10	1.2	20	7.5	55	300
FOG	24	2.1	20	7.5	56	277
FOG	33	1.9	20	7.3	55	243
FOG	20	2	15	7.2	35	337.26
FOG	40	3.1	15	7.2	35	462
FOG	60	3.5	15	7.2	35	490
FOG	60	4.1	15	6.9	35	0
FOG	90	8.3	15	5.9	35	0
FOG	2	2.2	10	8.56	37	202
FOG	4	2.2	10	8	37	211
FOG	6	2.2	10	7.955	37	232
FOG	8	2.2	10	7.92	37	212
FOG	10	2.2	10	7.846666667	37	229
FOG	1	0.8	30	7.5	34	398
FOG	11	0.8	30	7.4	34	200
FOG	1	0.9	30	7.5	34	112
FOG	1	1.1	30	7.3	34	144
FOG	20	1.6	15	7.6	55	567.9
FOG	40	1.6	15	7.5	55	607.2
FOG	60	1.6	15	7.5	55	668
FOG	65	1.6	15	7.3	55	702.1
FOG	70	1.6	15	7	55	600.3
FOG	40	1.6	15	7.4	55	533.7
FOG	40	2	12	7.3	55	632
FOG	40	2.7	9	6.9	55	554.8
FOG	64	2.3	15	7.7	37	598.4
FOG	7	1.8	30	7.3	36	180
FOG	13	2	24	7.3	36	333
FOG	15	1.7	25	7.4	36	324
FOG	22	1.6	26	7.3	36	292
FOG	34	1.4	25	7.2	36	398
FOG	52	1.2	24	7.2	36	546
FOG	74	1	24	7.2	36	454
FOG	87	0.8	25	6.9	36	158
FW	40	2.5	20	7.4	37	167.356
FW	40	3	20	7.6	37	61.9674
FW	40	2	20	7.4	37	166.725
FW	100	4	20		37	448.9
FW	75	4	20	7.22	37	413.4
FW	75	4	20	7.03	37	360
FW	100	4.7	40		37	480
FW	46	5.2	40		37	240
FW	24	5.5	40		37	190
FW	17	5.7	40		37	130
FW	100	2	40	7.24	38	541
FW	100	4		7.03	38	483
FW	75	2	40	7.29	38	487
FW	75	4	26	7.08	38	439
FW	50	2	40	7.34	38	417
FW	50	4	26	7.17	38	396
FW	25	2	40	7.39	38	325
FW	25	4	26	7.3	38	304
FW	75	2	40	7.24	38	508
FW	75	4	26	6.97	38	467
FW	50	2	40	7.25	38	431
FW	50	4	26	6.94	38	400
FW	25	2	40	7.24	38	346
FW	25	4	26	6.58	38	0
FW	100	0.8	20		37	290
FW	30	0.8	20		37	160
FW	100	1.7	20		37	300
FW	30	1.7	20		37	270
FW	80	0.2	40		36	470
FW	100	0.2	40		36	60
FW	100	1	93	7.4	55	597
FW	100	2	47	7.5	55	603
FW	100	3	31	7.5	55	536
FW	100	4	23	6.5	55	345
FW	70	1	97	8	55	795
FW	70	2	48	8	55	666
FW	70	3	32	8	55	601
FW	70	4	24	7	55	655
FW	100	4	20	7.5	37	425
FW	94	4	20	7.6	37	450
FW	88	4.1	20	7.7	37	466
FW	77	4.1	20	7.8	37	479
FW	100	6	15		37	0
FW	94	6.1	15	7.3	37	392
FW	88	6.1	15	7.5	37	419
FW	77	6.2	15	7.6	37	452
FW	94	8.1	10	7.2	37	376
FW	88	8.1	10	7.4	37	453
FW	77	8.3	10	7.5	37	506
FW	100	8		7.2	35	347
FW	100	10		7	35	277
FW	100	12		4	35	96
FW	67	12		7.3	35	388
FW	67	15		7.1	35	317
FW	67	18		4.3	35	139
FW	100	3		7.37	35	420
FW	67	3		7.4	35	440
FW	50	3		7.56	35	490
FW	33	3		7.73	35	490
FW	0	3		7.07	35	6
FW	100	1.2	30	4.4	35	2
FW	29	2	28	7.46	35	210
FW	24	2	24		37	234
FW	32	1.3	20	7.3	37	311
FW	33	1.7	20	7.5	37	383
FW	34	1.9	22	7.8	37	395
FW	35	1.7	21	7.5	37	420
FW	41	1.2	30	7.4	35	320
FW	39	1.2	30	5.3	35	40
